1011010000 156
1011000010 164
0011000010 149
0000010000 158
1011100001 163
1011100000 153
1000000001 155
0011000001 171
0011110011 159
0000110011 139
1011000000 170
0000010001 146
0000010010 147
1000010011 156
0000100001 142
1000100000 163
1011110001 143
1000110001 172
1011100011 135
1011000001 136
0011110000 150
1011010010 133
1000100001 155
0011100010 154
1011110010 166
1000110011 145
1000010010 140
0000100010 140
0011100000 173
0011010011 146
0011100011 168
0011000011 149
0000100000 140
1011000011 165
1011100010 176
0011010000 159
1000000011 177
0000000001 143
0000110010 148
1000110000 149
0011100001 164
0000000010 157
0011000000 154
0000100011 159
1011110000 169
1000000000 138
0000110000 166
1000010000 163
1000100010 179
0000110001 160
0000000000 172
1000000010 162
1011010001 165
1011110011 165
0011010001 164
0000010011 151
0000000011 161
0011110010 167
0011010010 151
1000010001 159
1000110010 165
1011010011 160
0011110001 150
1000100011 146
